31837524
45719912
31835886
46452431
47360870
31868853
47499620
31871448
28906422
47545160
45098284
31727418
47489612
47505359
45741079
30049107
47542733
31878534
45057754
45724006
47541857
31036152
31272420
31829949
31483593
45783298
47534687
31814460
31834719
47541860
45633769
45724363
31318404
31887492
45775354
31878750
31830006
31878867
31852932
45720001
47541866
45725035
31878870
45724468
47545145
45719584
31450071
45774964
45724399
45157357
43949851
45562633
45780376
45780106
31573533
31872645
45743284
45591514
45765448
47464151
31870182
30044076
31883016
45720007
47464145
31567842
31889856
45740521
44637031
47499272
31418847
45740536
47541842
45321949
45781483
47546639
31847853
30957516
45740968
45708481
31883034
31820961
47490062
31890228
31826949
45724414
31889847
45724372
31878567
31871118
45763060
45608287
47505362
46678955
45765874
45740533
45775504
31431717
45724375
31852926
41459443
45552859
45777694
31852929
45741118
31850325
45724339
45724129
45764671
31830141
45293770
46781618
31566489
45716029
47548484
47546846
31873326
45764830
45775501
31850409
43169833
47508827
47484836
47489621
47489648
45731434
45775222
47548487
45783466